X_EQU

[-2.23940692 -0.95287806 -2.52954696  0.10035695 -0.35701501 -0.89650923
 -0.50088718 -1.11435711 -0.50698486 -0.48046687  0.10044208 -0.45479208
 -2.52951356 -0.06221753 -0.99840104 -0.60594804 -2.00849543 -0.18895536
  0.79228374 -0.49841884 -0.35749623 -2.00145809 -2.82754895  0.00793652
 -2.00864552 -1.18976917 -0.50898752 -0.24057485  0.81227955  0.49098671
 -2.53400038 -1.47607193 -2.00852568 -1.47077854 -0.50880863 -0.63015352
 -0.24877925  0.01363286 -1.6531783  -0.49845866 -1.1895594   0.06530422
 -2.53328502 -0.50674876 -1.36676694 -0.15939465 -0.50691316 -0.15898276
 -1.65305086 -1.0000931  -0.37271398 -2.00857419 -1.65647353 -2.5296022
 -1.37918709 -0.24898925  0.13250503 -1.36717844 -0.18327284 -0.35679446
 -1.18980918 -1.81949356  0.13078029 -0.35730334  0.24371018  0.2810508
  1.27083659 -1.12840947 -0.20956875  0.06084709  0.06074768  0.03781671
 -0.24945033  0.28030212  0.55021567  0.84726959 -0.24976383  0.93191162
  0.85796893  0.12986205  2.82677336  0.48650331  0.72973481  0.4898412
 -0.1592141   0.81663924  0.80714447  0.79270006  0.24580746  0.1337383
  0.48084826  0.50775233  0.51641123  0.75963189 -1.22990986 -0.99820871
  0.43990282 -1.12861661 -1.10756816  0.06532308]


 X_EXC

[ 0.68956698  0.84549991  0.69273143 -1.08658533 -0.68859147  1.3754353
 -0.16093296  1.35725018 -1.94663428  1.45646087 -1.08654749 -2.05009392
 -0.07353757 -1.07510306 -0.09121124 -1.0245895   0.38957644 -0.20333238
 -0.64559594 -1.94337217  0.38946338  0.86060142  0.93052099 -0.60317575
  1.41182844  0.01764913 -0.07355935  0.33707798 -1.62899667 -1.08632363
  1.18719447  1.21142399  0.68428789  1.41202849 -1.05947727 -0.12775041
 -0.09112229  0.99895734  0.85679553  0.0080247  -0.06994709 -1.62604316
  1.57361811 -1.62598511  0.85686629 -0.68864138 -0.30669819  1.31905742
  0.19214942  0.59092795 -0.62705084  1.3107783   1.41150926  1.31902689
  0.83872462 -0.68861755 -1.39855869  0.38953773 -1.32367443  0.33712323
  0.33705301  0.11727016 -0.07403905 -1.0469304  -1.63107311 -2.78961887
 -1.0597907   0.15232822 -1.06678333 -2.06525364 -1.77874608 -1.24154239
 -0.42498655  0.84511121 -1.0129662  -1.06020158 -0.97721006 -1.06300005
  0.02424639 -0.30679393  0.01428714 -1.94432349 -1.06006934 -1.07450706
  1.21129135 -0.79207789 -0.97523752 -1.63076642  0.35184064  1.21159962
 -0.07505631 -2.03360798 -0.60079638 -2.94115118  0.83674301  1.18748012
 -2.19941046  0.15218855 -0.975177    1.41216911]

 X_EFF

[-5.08741356e-01 -5.34078557e-01 -4.43326561e-01 -1.03765881e+00
 -6.99583879e-01  4.20591123e-01 -4.76234723e-01  7.81217768e-01
  3.19021432e-01 -5.13574916e-01 -7.58732507e-01 -3.61304098e-01
 -2.67634949e-01 -7.04879626e-01  3.19520067e-01 -2.68215597e-01
 -5.78838670e-01 -3.87687029e-01 -1.04827415e+00 -1.03762196e+00
  2.00177153e-01 -5.79007424e-01  8.21313410e-02 -2.68425754e-01
 -2.70154114e-01  1.79832741e-01 -2.67703671e-01  2.00222058e-01
 -2.06560365e+00 -1.08399837e+00  4.29260969e-01 -2.68801677e-01
  1.75996612e-01  1.51154518e-01  3.19650501e-01  4.29449121e-01
 -4.60987120e-01 -1.02722570e+00 -4.11792527e-01  4.12383659e-01
 -1.89384053e+00 -1.89396597e+00 -5.51185706e-01  3.93487895e-04
 -1.26506285e+00 -7.58851609e-01  3.19555351e-01 -5.18652095e-01
 -1.23438118e+00 -1.23606637e+00 -1.23552867e+00 -1.13695922e-01
 -2.54697400e-02 -5.18726271e-01 -1.92923117e-01 -1.57845793e+00
 -1.35044929e+00  1.79033773e-01 -1.23495342e+00  1.79866905e-01
 -2.85236965e-01 -4.61049833e-01  4.30088001e-05  1.10592705e-01
 -7.14847545e-01 -1.88405635e+00 -5.78903659e-01  2.09446418e+00
  1.26522561e+00 -2.85186789e-01 -4.61087695e-01 -2.70064888e-01
  1.04021117e+00  1.28846871e+00  6.29680249e-02 -2.33610377e-01
  4.16688525e-01  4.25302939e-01  3.52817625e-01 -2.69094259e-01
 -7.96531085e-02  3.24810891e-01 -1.91587370e+00  1.32620621e+00
  4.46277675e+00 -1.42682915e+00 -1.50551246e-01 -1.30113173e+00
 -2.68972725e-01  4.29834703e-01  1.55373318e+00  1.79806381e-01
  3.22391536e-02 -9.38056950e-01  2.78700675e-01 -1.13594362e-01
 -3.13886500e-01 -5.79084440e-01 -3.79126958e-01  2.00284777e-01]